saphi	saphiykikunakama	N;PSS2S;TERM;PL
k'uychi	k'uychiykunantin	N;PSS1S;COM;PL
ñawra	ñawraymanta	ADJ;PSS1S;ABL;SG
pakay	pakayniykunamanta	N;ABL;PL
chapakuy	chapakurqaniku	V;PST;FH;1+EXCL;PL
wik'uña	wik'uñanta	ADJ;PSS3S;ACC;SG
arma	armankuta	N;PSS3P;ACC;SG
nanay	nanayniykunarayku	N;CAUSV;PL
p'aki	p'akiykukunaman	ADJ;PSS1PE;GEADJ;PSS1PE;PL
wamra	wamraykuntin	ADJ;COM;SG
suti	sutiykukunaman	N;PSS1PE;TERM;PL
waska	waskaykupan	ADJ;PSS1PE;PRIV;SG
antanka	antankanchikkunawan	N;PSS1PI;INS;PL
hunp'iy	hunp'iq	V;NFIN
sapa	sapaykichikkunapi	ADJ;PSS2P;ESS;PL
taki	takiykupa	N;PSS1PE;ESS;SG
wakcha	wakchaykuna	N;PSS1PE;DISTR;SG
ch'aphchay	ch'aphchasqani	V;PST;NFH;1;SG
hat'ansillay	hat'ansillasqanki	V;PST;NFH;1+INCL;PL
yupa	yupaykiman	N;PSS2S;DAT;SG
kutiy	kutiyniykukunata	N;ACC;PL
ayrampu	ayrampunchikpa	N;PSS1PI;PRIV;SG
chumpi	chumpinkupa	N;PSS3P;GEN;PSS3P;SG
ch'ipchi	ch'ipchiykunamanta	N;PSS1S;ABL;PL
illapachaw	illapachawninta	N;ACC;SG
llanthu	llanthuykichikkunata	ADJ;PSS2P;ACC;PL
punku	punkuykapa	N;PSS1S;BEN;PSS1S;SG
unquy	unqunqaku	V;PRS;1+INCL;PL
muya	muyankupura	N;PSS3P;INTER;SG
t'impuchiy	t'impuchichunku	V;IMP;POS;3;PL
qhari	qhariykunannaq	N;PSS1S;PRIV;PL
unu	ununpaq	N;PSS3S;BEN;PSS3S;SG
ayqiy	ayqiyninkunapaq	N;PSS3S;BEN;PSS3S;PL
muya	muyaykipu	N;PSS1PE;ESS;SG
allpaqa	allpaqankukuna	N;PSS3P;NOM;PL
urqu	urqunchikpa	N;PSS1PI;GEN;PSS1PI;SG
hak'u	hak'unpura	ADJ;PSS3S;INTER;SG
ch'usay	ch'usasqank	V;PRS;2;SG
rantiy	rantinqaku	V;FUT;2;PL
hark'ay	hark'ayniykichikpa	N;PSS2P;INS;SG
achanqaray	achanqarayniykichikkunawan	N;PSS2P;INS;PL
raki	rakiykiwan	N;PSS2S;INS;SG
challa	challanchiknintin	N;PSS1PI;COM;SG
ruphay	ruphayniykunaman	N;PSS1S;DAT;PL
khuchi	khuchiykuna	ADJ;PSS1PE;DISTR;SG
kawsay	kawsayninchikkunanka	N;PSS1PI;DISTR;PL
kuraq	kuraqpi	ADJ;PSS1S;ESS;SG
nanay	nanayniykikunapaq	N;PSS2S;BEN;PSS2S;PL
rutuy	rutuyniynintin	N;PSS1S;COM;SG
hat'ansillay	hat'ansillachunchu	V;IMP;NEG;3;SG
antanka	antankaykunapaq	N;PSS2S;PRIV;PL
pallay	pallayniykupaq	N;PSS1PE;BEN;PSS1PE;SG
khallki	khallkinku	N;PSS3P;NOM;SG
p'uti	p'utiykichikkunapi	N;PSS2P;ESS;PL
sut'i	sut'inka	ADJ;PSS3S;DISTR;SG
wik'uña	wik'uñanchikpura	ADJ;PSS1PI;INTER;SG
uya	uyaykukuna	N;PSS1PE;NOM;PL
chutay	chutasqaniku	V;PST;NFH;1+EXCL;PL
k'allampa	k'allampaykichikkunapi	N;PSS2P;ESS;PL
malli	malliykunata	N;PSS1S;ACC;PL
tuqtu	tuqtunchikkunarayku	N;PSS1PI;CAUSV;PL
waqta	waqtaykunaman	N;DAT;PL
p'uti	p'utinkukunanka	ADJ;PSS3P;DISTR;PL
waqay	waqayniykukunahina	N;PSS1PE;COMPV;PL
wawa	wawanchikkunalla	N;PSS1PI;EXCLV;PL
allqu	allqumanta	N;ABL;SG
muyuy	muyuyniykukunapaq	N;PSS1PE;BEN;PSS1PE;PL
wachay	wachayninkumanta	N;PSS3P;ABL;SG
supay	supayninkunalla	N;PSS3S;EXCLV;PL
uynikuy	uynikusqa	V;FUT;2;SG
khallki	khallkiykunapura	N;PSS1S;INTER;PL
phallcha	phallchaykihina	N;PSS2S;COMPV;SG
rantiy	rantiyniykunantin	N;PSS1S;COM;PL
kuska	kuskakunapaq	N;BEN;PL
anschiykachay	anschiykachasqankichik	V;PRS;2;PL
p'acha	p'achaykupa	N;PSS1PE;EXCLV;SG
pisi	pisiykupaq	ADJ;PSS1S;BEADJ;PSS1S;SG
p'itiy	p'itiychik	V;IMP;POS;2;PL
ichhuna	ichhunankupi	N;PSS3P;ESS;SG
lluqsi	lluqsiykikunahina	N;PSS2S;COMPV;PL
intichaw	intichawniykimanta	N;PSS2S;ABL;SG
sinchiyay	sinchiyayniykichikkunahina	N;PSS2P;COMPV;PL
q'imikuy	q'imikunqaku	V;PRS;1+INCL;PL
ñan	ñanniyki	N;PSS2S;NOM;SG
qaray	qarayninkukunannaq	N;PSS3P;PRIV;PL
hark'ay	hark'ayniykukunapa	N;PSS1PE;GEN;PSS1PE;PL
llaqwaq	llaqwaqykichikpura	N;PSS2P;INTER;SG
qhapaq	qhapaqykukunamanta	ADJ;PSS1PE;ABL;PL
qillqaqhaway	qillqaqhawanqa	V;FUT;1;SG
ñukñu	ñukñuykichikkunaman	N;PSS2P;DAT;PL
wallpay	wallpayniykuma	N;EXCLV;SG
kunti	kuntiykukunarayku	ADJ;PSS1PE;CAUSV;PL
anti	antiykunta	N;PSS1S;ACC;SG
p'uchquy	p'uchquyniykinarayku	N;PSS1S;EXCLV;PL
yuriy	yuriyninkunalla	N;PSS3S;EXCLV;PL
puqu	puqumanta	ADJ;ABL;SG
kachi	kachiykichikkunawan	ADJ;PSS2P;INS;PL
k'anchay	k'anchayninkunawan	N;PSS3S;INS;PL
chinkachiy	chinkachinqa	V.PTCP;FUT
ch'arki	ch'arkiykikunapaq	ADJ;PSS2S;GEADJ;PSS2S;PL
ima	imanpaq	N;PSS3S;GEN;PSS3S;SG
tarpuy	tarpuyniykichikkunapa	N;PSS2P;GEN;PSS2P;PL
achhiy	achhiyniyninka	N;PSS2P;PRIV;SG
llamkhay	llamkhachunku	V;IMP;NEG;3;PL
t'impuchiy	t'impuchiychik	V;IMP;POS;2;SG
supay	supayniykikuna	N;PSS2S;NOM;PL
malliy	mallichunchu	V;IMP;NEG;3;SG
ñawilliy	ñawillinqa	V;PRS;1;SG
panta	pantankukunahina	ADJ;PSS3P;COMPV;PL
pukara	pukaraykichikta	N;PSS2P;ACC;SG
armakuy	armakunqa	V.PTCP;FUT
kallpa	kallpanka	N;NOM;SG
hamanq'ay	hamanq'ayninkukunapura	N;INTER;PL
maki	makiykichikmanta	N;PSS2P;ABL;SG
mitmay	mitmayniykuhina	N;COMPV;SG
llanthu	llanthuykukunarayku	ADJ;PSS1PE;CAUSV;PL
chawpi	chawpikuna	N;NOM;PL
challa	challaykukunahina	N;COMPV;PL
llamk'ana	llamk'ananchikkunapi	N;PSS1PI;ESS;PL
millay	millayninkuman	N;PSS3P;TERM;SG
willaq	willaqykuran	N;PSS1S;CAUSV;SG
yapay	yapayninkunaman	N;PSS3S;TERM;PL
para	parakunapura	N;PSS1PE;INTER;PL
uray	uranqaku	V;FUT;3;PL
riqsiy	riqsiyniykuntin	N;PSS1PE;COM;SG
phaway	phawarqaniku	V;PST;FH;1+INCL;PL
rupha	ruphankukunata	N;PSS3P;ACC;PL
quwi	quwinkumanta	N;PSS3P;ABL;SG
achiwa	achiwanchikkunaman	N;PSS1PI;DAT;PL
ismay	ismayniyku	V.PTCP;PRS
lliklla	llikllaninlla	N;PSS3S;EXCLV;SG
puna	punaykukunahina	N;COMPV;PL
q'apay	q'apayninwan	N;PSS3S;INS;SG
haku	hakukunarayku	N;CAUSV;PL
unu	unuykintin	ADJ;PSS2S;COM;SG
qalla	qallaykunarayku	N;PSS1S;CAUSV;PL
wanaku	wanakuykichikkunata	N;PSS2P;ACC;PL
wayra	wayrankunaq	N;PSS3P;PRIV;SG
apichay	apichaq	V;NFIN
thasay	thasanqaku	V;FUT;2;PL
ruraq	ruraqnchikpi	N;PSS1PI;ESS;SG
uhu	uhunkunapa	N;PSS3S;GEN;PSS3S;PL
phuru	phurunkuta	N;PSS3P;ACC;SG
atiy	atiyniykupa	N;PSS1PE;TERM;SG
q'ispi	q'ispiykichikkunapura	N;PSS2P;INTER;PL
anti	antiykukunarayku	ADJ;PSS1PE;CAUSV;PL
watukuy	watukuyniykunawan	N;INS;PL
chawpi	chawpiykipaq	N;PSS2S;BEN;PSS2S;SG
wamphu	wamphunkukama	N;PSS3P;TERM;SG
thatkiy	thatkinqaku	V;PRS;1+INCL;PL
quri	quriykichikkunaka	N;PSS2P;DISTR;PL
aqhayay	aqhayanqa	V;FUT;1;SG
kuka	kukaykichikpa	N;PSS2P;INS;SG
paña	pañaykita	N;PSS2S;ACC;SG
ripuy	ripunqaku	V;PRS;1+INCL;PL
rikch'ay	rikch'ayniykukuna	N;PSS1PE;NOM;PL
wathiyay	wathiyaychik	V;IMP;POS;2;PL
takiy	takiyninkukunawan	N;PSS3P;INS;PL
saway	sawanqaku	V;FUT;3;PL
k'anchay	k'anchayniykikuna	N;PSS2S;NOM;PL
pallay	pallayniykichikkunaka	N;PSS2P;DISTR;PL
mink'ay	mink'anqaku	V;FUT;1+EXCL;PL
yupi	yupiykichikkunata	N;PSS2P;ACC;PL
saruy	saruyniykupa	N;GEN;SG
wañuy	wañunqa	V;PRS;3;SG
ama	amaykuna	N;PSS1PE;DISTR;SG
chiqan	chiqanninkunapi	N;PSS3S;ESS;PL
hunk'a	hunk'ayku	N;PSS1PE;NOM;SG
yuri	yurinkukunannaq	N;PSS3P;PRIV;PL
t'anta	t'antaykikunaman	N;PSS1S;TERM;PL
yaya	yayaykiman	ADJ;PSS2S;DAT;SG
qaqa	qaqanin	N;PSS3S;NOM;SG
mayllay	mayllayninchik	N;PSS1PI;COMPV;SG
puqu	puquykupaq	N;PSS1S;BEN;PSS1S;SG
pikchu	pikchunchikkunapa	N;PSS1PI;GEN;PSS1PI;PL
pallay	pallayniykikunata	N;PSS2S;ACC;PL
pichay	pichayninkunaman	N;PSS3S;DAT;PL
ch'uspa	ch'uspawan	N;INS;SG
yupi	yupiwan	N;INS;SG
simp'a	simp'aykuta	N;ACC;SG
chulluy	chullurqani	V;PST;NFH;1;SG
api	apinchikkunapi	ADJ;PSS1PI;ESS;PL
kusiy	kusiyniykunata	N;PSS1S;ACC;PL
amachay	amachayniykunapa	N;PSS1S;GEN;PSS1S;PL
muyu	muyuykura	N;PSS1S;INTER;SG
puquy	puquyniykama	N;PSS1S;TERM;SG
ch'unku	ch'unkuykunalla	N;PSS1S;EXCLV;PL
riqsiy	riqsiyninkupaq	N;PSS3P;PRIV;SG
much'a	much'ankunaran	N;PSS3S;CAUSV;PL
qhapaq	qhapaqninka	ADJ;PRIV;SG
ayrampu	ayrampunkukunapi	N;PSS3P;ESS;PL
paqtay	paqtayninkunaran	N;PSS3S;CAUSV;PL
ama ñiy	ama ñichunchu	V;IMP;NEG;3;SG
alawchay	alawchanqaku	V;FUT;3;PL
pukara	pukaraymanta	N;PSS1S;ABL;SG
niy	niyninku	V;PRS;1+INCL;PL
quyllur	quyllurnkuhina	N;PSS3P;COMPV;SG
watya	watyaykunawan	N;PSS1S;INS;PL
ñaqch'a	ñaqch'aykirayku	N;PSS2S;CAUSV;SG
runa	runanpaq	N;PSS3S;CAUSV;SG
qullpa	qullpankukunarayku	N;PSS3P;CAUSV;PL
simi	simiykunakama	N;PSS1S;TERM;PL
hanaq	hanaqniykichikpa	N;PSS2P;PRIV;SG
masi	masiykichikpa	N;PSS2P;EXCLV;SG
wañu	wañuykichikpa	N;PSS2P;GEN;PSS2P;SG
miray	mirayniyki	N;PSS2S;NOM;SG
watu	watuykunarayku	N;PSS1S;CAUSV;PL
takay	takayniyniykurayku	N;PSS1S;CAUSV;SG
tupay	tupayninchikkunapi	N;PSS1PI;ESS;PL
rikuchiy	rikuchiyniykichikkunapi	N;PSS2P;ESS;PL
paqar	paqarykichikkunapaq	N;PSS2P;BEN;PSS2P;PL
wawa	wawanchikpa	N;PSS1PI;GEN;PSS1PI;SG
llulla	llullaykukunapa	N;GEN;PL
ñit'iy	ñit'iyninmanta	N;PSS3S;ABL;SG
huqari	huqariykichikkuna	N;PSS2P;NOM;PL
yarpay	yarpaynchikkunamanta	N;PSS1PI;ABL;PL
ruru	ruruykichiknka	N;PSS2P;DISTR;SG
much'ay	much'ayninkukunannaq	N;PSS3P;PRIV;PL
tupu	tupuykuta	N;PSS1PE;ACC;SG
p'unchaw	p'unchawykikunata	N;PSS2S;ACC;PL
yañay	yañayniykukunannaq	N;PSS1PE;PRIV;PL
pituy	pitunqa	V;PRS;3;SG
wallpay	wallpayniykuhina	N;COMPV;SG
willkachay	willkachayniyku	V.PTCP;PRS
khallki	khallkiykukunantin	N;PSS1PE;COM;PL
chumpi	chumpiykichikkunapa	N;PSS2P;GEN;PSS2P;PL
waki	wakiykupa	N;PSS1PE;PRIV;SG
yarquy	yarquchunku	V;IMP;POS;3;PL
pampa	pampankunaman	N;PSS3S;DAT;PL
upalla	upallaykukunawan	N;PSS2S;INS;PL
haraway	harawanqaku	V;FUT;1+INCL;PL
qhari	qharinkuna	N;PSS3S;NOM;PL
rutuy	rutuyninchikkunanta	N;PSS1PI;PRIV;PL
suyay	suyayniykuman	N;DAT;SG
upa	upanchikkunahina	ADJ;PSS1PI;COMPV;PL
maqay	maqayninchik	N;PSS1PI;DISTR;SG
ayqiy	ayqiyniykikunapaq	N;PSS2S;BEN;PSS2S;PL
alqa	alqankama	ADJ;PSS3S;TERM;SG
hayt'ay	hayt'anqa	V;PST;NFH;3;SG
tiyana	tiyanaykichikkunapura	N;PSS2P;INTER;PL
wayra	wayranku	N;PSS3P;NOM;SG
p'uyñu	p'uyñuykichikkunamanta	N;PSS2P;ABL;PL
hucha	huchaykinka	N;PSS2S;DISTR;SG
sut'i	sut'iykichikpi	N;PSS2P;ESS;SG
challpuy	challpunqa	V.PTCP;FUT
qhapaq	qhapaqnkunanta	N;PSS3S;DISTR;PL
qillqa	qillqankukunawan	N;PSS3P;INS;PL
wasi	wasikunapura	N;PSS1PE;ESS;PL
takay	takayniykukunata	N;PSS1PE;ACC;PL
saksa	saksanpaq	ADJ;PSS3S;GEADJ;PSS3S;SG
aymuray	aymuranqa	V;PRS;1;SG
rantiy	rantiyniykichikman	N;PSS2P;DAT;SG
kusiy	kusiyninkunaman	N;PSS3S;DAT;PL
ukhu	ukhunkupa	N;PSS3P;EXCLV;SG
ñawiykachay	ñawiykachasqa	V.PTCP;PST
ch'aspay	ch'aspanqa	V;PRS;3;SG
tupaq	tupaqninchikkunapura	N;PSS1PI;INTER;PL
sallqa	sallqaykichikkuna	ADJ;PSS2P;NOM;PL
yarpay	yarpayniykura	N;PSS1S;INTER;SG
asnay	asnayniykichikkunapi	N;PSS2P;ESS;PL
yachakuq	yachakuqkunapura	N;INTER;PL
uyariy	uyarinqaku	V;PRS;1+INCL;PL
sinq'a	sinq'aykuntin	N;PSS1PE;COM;SG
puchkay	puchkayninchiknintin	N;PSS1PI;COM;SG
uya	uyaykichikman	N;PSS2P;DAT;SG
api	apiykichikkunapaq	ADJ;PSS2P;BEADJ;PSS2P;PL
qhaway	qhawayninchikkunanka	N;PSS1PI;DISTR;PL
chakachay	chakachaychik	V;IMP;POS;2;SG
aycha	aychankukunawan	N;PSS3P;INS;PL
parlay	parlayniykikunapaq	N;PSS2S;BEN;PSS2S;PL
munay	munayninchikkunapi	N;PSS1PI;ESS;PL
pantay	pantayniykichik	N;PSS2P;NOM;SG
awqanakuy	awqanakusqanku	V;PST;NFH;3;PL
hunk'a	hunk'annaq	N;PSS3S;DISTR;SG
anka	ankakama	N;TERM;SG
t'ipi	t'ipiykukunapa	ADJ;PSS1PE;GEADJ;PSS1PE;PL
qulla	qullanchikman	N;PSS1PI;DAT;SG
qawa	qawaykukunawan	N;PSS2S;INS;PL
sat'iy	sat'iyniykukunaman	N;PSS1S;TERM;PL
hucha	huchanchikkunalla	N;PSS1PI;EXCLV;PL
challa	challankukunapaq	N;PSS3P;BEN;PSS3P;PL
takay	takayninkupi	N;PSS3P;ESS;SG
ayrampu	ayrampunchikkunaman	N;PSS1PI;DAT;PL
chantay	chantayniykurayku	N;PSS1S;CAUSV;SG
wasi	wasiykunapa	N;PSS1S;GEN;PSS1S;PL
miray	mirayniykichikpa	N;PSS2P;GEN;PSS2P;SG
t'itu	t'ituykunarayku	N;CAUSV;PL
achanqaray	achanqarayniykichikkunannaq	N;PSS2P;PRIV;PL
raphi	raphiykichikkunawan	N;PSS2P;INS;PL
yapa	yapanka	ADJ;DISTR;SG
kinwa	kinwaykunta	N;PSS1S;ACC;SG
kuti	kutinchik	N;PSS1PI;NOM;SG
chantay	chantayniykichiknka	N;PSS2P;DISTR;SG
patacha	patachaman	N;DAT;SG
wach'i	wach'iyman	N;PSS1S;DAT;SG
awki	awkinkunaman	N;PSS3S;TERM;PL
mink'a	mink'ankunawan	N;PSS3S;INS;PL
raki	rakiykichikpi	N;PSS2P;ESS;SG
chuqi	chuqikuna	N;NOM;PL
pampa	pampaykikunakama	ADJ;PSS2S;TERM;PL
simp'a	simp'aykita	N;PSS2S;ACC;SG
awana	awanaykikunapi	N;PSS2S;ESS;PL
chunta	chuntaykuntin	N;PSS1PE;COM;SG
ichiy	ichisqankichik	V;PRS;2;PL
phuru	phurunchikpa	N;PSS1PI;GEN;PSS1PI;SG
marq'a	marq'aykunaman	N;DAT;PL
yañay	yañaq	V;NFIN
q'awa	q'awaykita	N;PSS2S;ACC;SG
qillqa	qillqaykupan	N;PSS1PE;PRIV;SG
wamp'u	wamp'uykukunantin	N;PSS1PE;COM;PL
turi	turiykuta	N;PSS1PE;ACC;SG
kunti	kuntiykintin	N;COM;SG
q'apay	q'apayninkupaq	N;PSS3P;BEN;PSS3P;SG
muyuy	muyuyniykichikkunantin	N;PSS2P;COM;PL
turi	turiykukunanka	N;PSS1PE;DISTR;PL
raqacha	raqachanchik	N;PSS1PI;NOM;SG
waqta	waqtaykipa	N;PSS2S;EXCLV;SG
kuti	kutinchikpa	ADJ;PSS1PI;PRIV;SG
kamayuq	kamayuqywan	N;PSS1S;INS;SG
puchka	puchkaykipura	N;PSS2S;INTER;SG
rikuchiy	rikuchiyniykunapaq	N;PSS1S;BEN;PSS1S;PL
ukhu	ukhuykukunahina	N;PSS1PE;COMPV;PL
rak'i	rak'inkukunamanta	N;PSS3P;ABL;PL
tiyana	tiyanaykukunapi	N;PSS1PE;ESS;PL
maqay	maqarqankichik	V;PST;FH;2;PL
qaqa	qaqankunaman	N;PSS3S;DAT;PL
alqa	alqaypi	N;PSS1S;ESS;SG
kichay	kichanqaku	V;FUT;1+INCL;PL
pukllay	pukllayniywan	N;PSS1PE;INS;SG
raymi	raymikuna	N;NOM;PL
lliphlliy	lliphlliyninchikkunapi	N;PSS1PI;ESS;PL
quya	quyaykukunamanta	ADJ;PSS1PE;ABL;PL
machay	machayniykupura	N;INTER;SG
tupuy	tupuyniykikunannaq	N;PSS2S;PRIV;PL
parlay	parlayniykukunahina	N;PSS1PE;COMPV;PL
hanpuy	hanpunqaku	V;FUT;1+INCL;PL
waki	wakiykukunawan	ADJ;PSS2S;INS;PL
hak'u	hak'uykichikpa	N;PSS2P;GEN;PSS2P;SG
chawpi	chawpikunapaq	N;BEN;PL
ullpu	ullpunkunanka	N;PSS3S;DISTR;PL
sayay	sayayniykintin	N;PSS2S;COM;SG
saksa	saksanpa	ADJ;PSS3S;NOM;SG
qhincha	qhinchanchikkunanka	ADJ;PSS1PI;DISTR;PL
urqu	urquykuhina	ADJ;PSS1S;COMPV;SG
chapukuy	chapukurqanku	V;PST;FH;3;PL
khuchi	khuchiykipaq	N;PSS1S;BEN;PSS1S;SG
chantay	chantaychik	V;IMP;POS;2;PL
quya	quyanchikkunalla	ADJ;PSS1PI;EXCLV;PL
tiksi	tiksiykuntin	ADJ;PSS1PE;COM;SG
chiqan	chiqannkumanta	ADJ;PSS3P;ABL;SG
uma	umankunapi	N;PSS3S;ESS;PL
nina	ninakunapaq	N;BEN;PL
chumpi	chumpiykichiknintin	N;PSS2P;COM;SG
rikuriy	rikuriyniykipaq	N;PSS1S;BEN;PSS1S;SG
ari	ariykihina	N;PSS2S;COMPV;SG
ullanta	ullantaypi	N;PSS1S;ESS;SG
pikchu	pikchukunakama	N;TERM;PL
yaña	yañaykukunapi	N;PSS1PE;ESS;PL
sunqu	sunquykichikta	N;PSS2P;ACC;SG
puna	punaykihina	N;PSS2S;COMPV;SG
pach'a	pach'aykichikkunalla	N;PSS2P;EXCLV;PL
upalla	upallaykipaq	N;PSS1S;BEN;PSS1S;SG
p'unchaw	p'unchawnchikkunaman	N;PSS1PI;DAT;PL
yaña	yañaykukuna	N;PSS1PE;NOM;PL
muyuy	muyuchunchu	V;IMP;POS;3;SG
musquy	musquyninkuhina	N;PSS3P;COMPV;SG
paskay	paskasqa	V.PTCP;PST
suk'a	suk'aykichikpa	N;PSS2P;GEN;PSS2P;SG
machu	machuykupa	ADJ;PSS1PE;GEADJ;PSS1PE;SG
allipunakuy	allipunakurqankichik	V;PST;FH;2;PL
ayniy	ayniyninta	N;PSS3S;ACC;SG
kachi	kachinka	ADJ;DISTR;SG
k'uychichaw	k'uychichawninintin	N;PSS3S;COM;SG
watya	watyaykichiknintin	N;PSS2P;COM;SG
llaki	llakinkukunarayku	ADJ;PSS3P;CAUSV;PL
puqu	puqunkukunakama	N;PSS3P;TERM;PL
watuy	watuyniykichikkunaman	N;PSS2P;DAT;PL
urpi	urpiykunamanta	N;PSS1S;ABL;PL
kachay	kacharqanki	V;PST;FH;2;SG
thanta	thantaykikunantin	ADJ;PSS2S;COM;PL
paylla	payllaykichikpaq	N;PSS2P;BEN;PSS2P;SG
atiy	atiyninkunamanta	N;PSS3S;ABL;PL
khuya	khuyaykupa	N;PSS1PE;EXCLV;SG
atillcha	atillchaykunan	N;PSS1PE;PRIV;SG
uyay	uyayniykukuna	N;PSS1PE;NOM;PL
wamphu	wamphunchikkunantin	N;PSS1PI;COM;PL
hunt'ay	hunt'ayniynintin	N;PSS1S;COM;SG
awqa	awqaykunaq	ADJ;PSS1PE;PRIV;SG
paylla	payllanchikkunantin	N;PSS1PI;COM;PL
allpa	allpanman	N;DAT;SG
qulla	qullankunaq	ADJ;PSS3P;PRIV;SG
khuchi	khuchiykichikpa	ADJ;PSS2P;BEADJ;PSS2P;SG
awqanakuy	awqanakunqaku	V;FUT;1+INCL;PL
sinq'ay	sinq'aynchikmanta	N;PSS1PI;ABL;SG
chumpi	chumpiykunarayku	N;PSS1S;CAUSV;PL
samay	samayninku	N;NOM;PL
hanka	hankaykupa	N;PSS1PE;TERM;SG
ruphachiy	ruphachichik	V;IMP;NEG;2;SG
p'ampa	p'ampankukunapi	N;PSS3P;ESS;PL
anqil	anqilykichikkunarayku	N;PSS2P;CAUSV;PL
ñukñu	ñukñunchiknintin	ADJ;PSS1PI;COM;SG
tiyana	tiyanaykichikman	N;PSS2P;DAT;SG
tupu	tupuykuhina	N;PSS1PE;COMPV;SG
lliklla	llikllaykukunata	N;PSS2S;ACC;PL
sinchi	sinchinchikkuna	N;PSS1PI;NOM;PL
takay	takanqaku	V;FUT;1+INCL;PL
urpi	urpininintin	N;PSS3S;COM;SG
kunti	kuntiykikunata	ADJ;PSS2S;ACC;PL
uya	uyaykuna	N;INS;SG
yañay	yañaypi	N;PSS1S;ESS;SG
qaqa	qaqaykita	N;PSS2S;ACC;SG
kinwa	kinwanchikkunakama	N;PSS1PI;TERM;PL
patacha	patachanku	N;PSS3P;NOM;SG
kutiy	kutiyninchik	N;PSS1PI;DISTR;SG
ruraq	ruraqnchiknina	N;PSS1PI;COMPV;SG
lliklla	llikllawan	N;INS;SG
antanka	antankaykukunapi	N;PSS1PE;ESS;PL
ayqiy	ayqiyniykunawan	N;INS;PL
challwa	challwanchikkunaman	N;PSS1PI;DAT;PL
iñiy	iñinqaku	V;PRS;3;PL
miray	mirayniyninnaq	N;PSS1S;PRIV;SG
sayariy	sayariyniykukunapa	N;GEN;PL
mink'ay	mink'ayniykichikkama	N;PSS2P;TERM;SG
chinkachiy	chinkachisqa	V.PTCP;PST
willaq	willaqnkunanta	N;PSS3S;DISTR;PL
takiy	takiyninchikkunapaq	N;PSS1PI;BEN;PSS1PI;PL
quyllur	quyllurnchik	N;PSS1PI;NOM;SG
chakachay	chakacharqanki	V;PST;FH;2;SG
musquy	musquyninchik	N;PSS1PI;EXCLV;SG
hinay	hinachunchu	V;IMP;NEG;3;SG
t'ika	t'ikaykikunakama	N;PSS2S;TERM;PL
chakwas	chakwasykuntin	ADJ;PSS1S;COM;SG
musphay	musphayniykichikpi	N;PSS2P;ESS;SG
chincha	chinchanchikkunapura	ADJ;PSS1PI;INTER;PL
chakwas	chakwasyki	ADJ;PSS2S;NOM;SG
api	apipura	N;INTER;SG
tuta	tutaykipa	ADJ;PSS1S;ESS;SG
wañuy	wañurqankichik	V;PST;FH;2;PL
p'aki	p'akikunapi	ADJ;ESS;PL
achiwa	achiwaykunahina	N;PSS1S;COMPV;PL
sinq'ay	sinq'ayniykuta	N;PSS1PE;ACC;SG
ullantay	ullantayninchikpi	N;PSS1PI;EXCLV;SG
khata	khataykuran	N;PSS1S;CAUSV;SG
siqsi	siqsikunapura	N;PSS2S;INTER;PL
yañay	yañayninkukunalla	N;PSS3P;EXCLV;PL
llaqway	llaqwaynin	N;PSS3S;NOM;SG
hanpuy	hanpurqanku	V;PST;FH;3;PL
api	apiykupa	ADJ;PSS1PE;PRIV;SG
harawi	harawiykichikkunahina	N;PSS2P;COMPV;PL
mama	mamankunantin	N;PSS3S;COM;PL
amachay	amachayninpura	N;PSS3S;INTER;SG
saksa	saksankupaq	ADJ;PSS3P;INS;SG
chala	chalankuhina	N;PSS3P;COMPV;SG
suni	suniykan	N;PSS1S;DISTR;SG
harawiy	harawinqa	V.PTCP;FUT
sat'iy	sat'iyninpi	N;PSS3S;ESS;SG
puqu	puqunchik	ADJ;PSS1PI;NOM;SG
suruqch'i	suruqch'inka	N;PSS3S;DISTR;SG
q'uchu	q'uchukuna	N;NOM;PL
kawsay	kawsaynchikkunata	N;PSS1PI;ACC;PL
haku	hakuykupa	N;PSS1PE;ESS;SG
puti	putiykikunapaq	N;PSS2S;BEN;PSS2S;PL
khachu	khachuykikunapaq	N;PSS2S;BEN;PSS2S;PL
atipachaw	atipachawnkunawan	N;PSS3S;INS;PL
taripay	tariparqani	V;PST;NFH;1;SG
atipachaw	atipachawnin	N;NOM;SG
uma	umankukunantin	ADJ;PSS3P;COM;PL
kuraka	kurakankunka	N;PSS1PI;DISTR;PL
rikuchiy	rikuchiyniykichikpi	N;PSS2P;ESS;SG
tupu	tupuykichikkunaman	N;PSS2P;DAT;PL
amawt'a	amawt'aykichikkunapaq	N;PSS2P;BEN;PSS2P;PL
ima	imankukunapaq	N;PSS3P;GEN;PSS3P;PL
awki	awkinin	ADJ;PSS3S;NOM;SG
tupa	tupaykupa	ADJ;PSS1S;INTER;SG
llulluy	llulluchunku	V;IMP;POS;3;PL
waska	waskaykinaq	ADJ;PSS2S;PRIV;SG
wamphu	wamphuykukunamanta	N;PSS1PE;ABL;PL
watukuy	watukuyniykichikpa	N;PSS2P;EXCLV;SG
ayni	ayniykikunata	N;PSS2S;ACC;PL
ayqiy	ayqiyniykichikkunaka	N;PSS2P;DISTR;PL
lluq'i	lluq'iykikunahina	N;PSS2S;COMPV;PL
ayllu	ayllunku	N;PSS3P;NOM;SG
kuska	kuskanchikkunawan	ADJ;PSS1PI;INS;PL
yura	yuranpaq	N;PSS3S;CAUSV;SG
atiy	atiyninchikkunantin	N;PSS1PI;COM;PL
watuy	watuyniykikunapi	N;ESS;PL
sipiy	sipinqaku	V;PRS;1+EXCL;PL
ch'arki	ch'arkinchikmanta	ADJ;PSS1PI;ABL;SG
masi	masinchikkunapaq	N;PSS1PI;BEN;PSS1PI;PL
llasay	llasayniykukunarayku	N;PSS1PE;CAUSV;PL
apanqura	apanqurankukunapaq	N;PSS3P;GEN;PSS3P;PL
muyuy	muyuynmanta	N;PSS3S;ABL;SG
kutiy	kutiyniykukunapa	N;PSS1PE;GEN;PSS1PE;PL
llaki	llakikunantin	N;COM;PL
hunt'ay	hunt'aychik	V;IMP;POS;2;SG
chiqan	chiqannman	N;DAT;SG
amuyay	amuyanqa	V.PTCP;PRS
waqay	waqayninkuhina	N;PSS3P;COMPV;SG
phinkiy	phinkichunku	V;IMP;NEG;3;PL
Dyus	Dyusnkukunakama	N;PSS3P;TERM;PL
chakatay	chakatanqa	V;FUT;3;SG
wamp'uy	wamp'uyninchikkunaman	N;PSS1PI;DAT;PL
qaqa qaqa	qaqa qaqaykikunakama	N;PSS2S;TERM;PL
allqu	allquykikama	N;PSS2S;TERM;SG
kuraka	kurakaykichikkunalla	N;PSS2P;EXCLV;PL
wiqi	wiqinkukama	N;PSS3P;TERM;SG
paña	pañaykichikkama	N;PSS2P;TERM;SG
wakcha	wakchankukunantin	ADJ;PSS3P;COM;PL
chulluchiy	chulluchichik	V;IMP;NEG;2;SG
riqsiy	riqsiyniykichikkunapa	N;PSS2P;GEN;PSS2P;PL
pisi	pisikunapura	ADJ;PSS1PE;INTER;PL
maqay	maqayniykukunahina	N;PSS1PE;COMPV;PL
qaqa	qaqaykichikpa	N;PSS2P;INS;SG
wamp'u	wamp'unkupura	N;PSS3P;INTER;SG
t'impuy	t'impuyninintin	N;PSS3S;COM;SG
mallki	mallkiykikama	N;PSS2S;TERM;SG
kachi	kachiykichikkama	ADJ;PSS2P;TERM;SG
yupana	yupanankukunapura	N;PSS3P;INTER;PL
kuska	kuskaykukunalla	ADJ;PSS1PE;EXCLV;PL
armay	armasqaniku	V;PST;NFH;1+INCL;PL
rankhi	rankhinnaq	N;PRIV;SG
ch'aska	ch'askaykukunaman	ADJ;PSS1PE;GEADJ;PSS1PE;PL
tarpuy	tarpuyniykupa	N;PSS1PE;TERM;SG
sinq'a	sinq'aykukunapura	N;PSS1PE;INTER;PL
yuyay	yuyayninchikkunapi	N;PSS1PI;ESS;PL
sapa	sapaykunanka	ADJ;PSS1S;DISTR;PL
illa	illanchikkunalla	N;PSS1PI;EXCLV;PL
muchuy	muchuyniykunanka	N;PSS1S;DISTR;PL
yunka	yunkaykipura	ADJ;PSS2S;INTER;SG
samay	samayninkunalla	N;PSS3S;EXCLV;PL
llaqta	llaqtankukunakama	N;PSS3P;TERM;PL
yuri	yuriykukunahina	N;PSS1PE;COMPV;PL
uywa	uywanchikpa	ADJ;PSS1PI;GEADJ;PSS1PI;SG
aymuray	aymurayninintin	N;PSS3S;COM;SG
suni	suniykikunapa	N;PSS2S;GEN;PSS2S;PL
q'imi	q'iminkukunapi	N;PSS3P;ESS;PL
phaqsa	phaqsayki	N;PSS2S;NOM;SG
supay	supayninkunata	N;PSS3S;ACC;PL
kuti	kutiykukunapaq	N;PSS1PE;BEN;PSS1PE;PL
asiy	asiyninkunawan	N;PSS3S;INS;PL
amañay	amañasqanki	V;PST;NFH;1+INCL;PL
yupa	yupaykin	N;PSS1S;NOM;SG
t'ustuy	t'usturqankichik	V;PST;FH;2;PL
hut'uyay	hut'uyanqa	V;PRS;3;SG
amachay	amachayninkukunahina	N;PSS3P;COMPV;PL
llaqwaq	llaqwaqnkunaran	N;PSS3S;CAUSV;PL
wak'a	wak'anchikkunamanta	N;PSS1PI;ABL;PL
q'ispi	q'ispiykukunamanta	N;PSS1PE;ABL;PL
sallqa	sallqanchikkunanta	N;PSS1PI;PRIV;PL
allpayachiy	allpayachichik	V;IMP;NEG;2;PL
pani	paniykikunalla	N;PSS2S;EXCLV;PL
qhapaq	qhapaqninnaq	N;PRIV;SG
t'ikra	t'ikranchikkunahina	N;PSS1PI;COMPV;PL
puquy	puquyninchikkuna	N;PSS1PI;NOM;PL
pirqa	pirqanchikkunahina	N;PSS1PI;COMPV;PL
ch'askachaw	ch'askachawykukunanka	N;PSS1PE;DISTR;PL
qalla	qallanka	N;EXCLV;SG
achalachiy	achalachirqankichik	V;PST;FH;2;PL
wawa	wawanchikpi	N;PSS1PI;ESS;SG
kunti	kuntiykunapaq	ADJ;PSS1S;BEADJ;PSS1S;PL
lluq'i	lluq'inkukunantin	N;PSS3P;COM;PL
pirwa	pirwankupa	N;PSS3P;EXCLV;SG
intichaw	intichawnkinka	N;PSS2S;DISTR;SG
ayqiy	ayqiyniykichik	N;PSS2P;NOM;SG
qallu	qallunpa	N;PSS3S;ESS;SG
anchaykachay	anchaykacharqankichik	V;PST;FH;2;PL
ispay	ispayniyni	N;PSS1S;NOM;SG
sayay	sayayniykunawan	N;PSS1S;INS;PL
phuyu	phuyunkukunanka	N;PSS3P;DISTR;PL
qalla	qallankukunahina	N;PSS3P;COMPV;PL
harawi	harawinintin	N;PSS3S;COM;SG
yaya	yayankukunapaq	N;PSS3P;GEN;PSS3P;PL
musquchay	musquchanqaku	V;FUT;1+INCL;PL
ukhu	ukhunkunawan	N;PSS3S;INS;PL
ima	imanchikpa	N;PSS1PI;INS;SG
patacha	patachaykita	N;PSS2S;ACC;SG
rit'i	rit'iykikunanka	N;PSS2S;DISTR;PL
t'ipi	t'ipinkunalla	ADJ;PSS3S;EXCLV;PL
yupa	yupaykichikhina	ADJ;PSS2P;COMPV;SG
pantay	pantayninlla	N;PSS3S;EXCLV;SG
ch'ullchuy	ch'ullchunqaku	V;PRS;1+EXCL;PL
wach'i	wach'inkunaq	N;PSS3P;PRIV;SG
tika	tikankukunamanta	N;PSS3P;ABL;PL
wik'uña	wik'uñannaq	N;PSS3S;PRIV;SG
yaya	yayanchikmanta	N;PSS1PI;ABL;SG
llakiy	llakiyninpi	N;PSS3S;ESS;SG
suka	sukankuta	N;PSS3P;ACC;SG
ch'arki	ch'arkinkunata	N;PSS3S;ACC;PL
yuyay	yuyayniyninka	N;PSS1S;COMPV;SG
t'itu	t'itunchikkunanla	ADJ;PSS1PI;PRIV;PL
ñawpa	ñawpanchiknintin	N;PSS1PI;COM;SG
puchqay	puchqasqankichik	V;PST;NFH;2;PL
mallki	mallkiykichikkunapa	N;PSS2P;GEN;PSS2P;PL
kuraq	kuraqnpura	N;PSS3S;INTER;SG
qillqay	qillqanku	V;PRS;3;PL
kutay	kutayniykihina	N;PSS2S;COMPV;SG
pacha	pachanchikkunarayku	N;PSS1PI;CAUSV;PL
sinchi	sinchiyka	ADJ;PSS1S;DISTR;SG
quwi	quwinkuman	N;PSS3P;DAT;SG
alqa	alqankukunawan	N;PSS3P;INS;PL
muchuy	muchuyninkukuna	N;PSS3P;NOM;PL
purun	purunykunahina	N;PSS1S;COMPV;PL
qullpa	qullpaykinka	N;PSS2S;DISTR;SG
alayrichiy	alayrichiq	V;NFIN;AGT
wampu	wampuykikunata	N;PSS2S;ACC;PL
yupa	yupayki	N;PSS2S;NOM;SG
huqari	huqarinkunka	N;PSS1PI;DISTR;PL
sayk'uy	sayk'uyniykuma	N;PSS1PE;EXCLV;SG
quwi	quwiykurayku	N;PSS1S;CAUSV;SG
uma	umaykichikkunaka	N;PSS2P;DISTR;PL
yuyay	yuyayniykunata	N;PSS1S;ACC;PL
ayqi	ayqinchikkunannaq	N;PSS1PI;PRIV;PL
wallpa	wallpaykichikkuna	N;PSS2P;NOM;PL
t'ipi	t'ipiykuman	N;PSS1PE;DAT;SG
p'uti	p'utinku	N;PSS3P;NOM;SG
amawt'a	amawt'aykimanta	ADJ;PSS2S;ABL;SG
wikch'uy	wikch'uchunchu	V;IMP;NEG;3;SG
rutu	rutunchik	N;PSS1PI;EXCLV;SG
suk'a	suk'anwan	N;PSS3S;INS;SG
kuti	kutinkukunapura	N;PSS3P;INTER;PL
kutiy	kutiyniykukunapura	N;PSS1PE;INTER;PL
t'ika	t'ikaykichikkunannaq	N;PSS2P;PRIV;PL
much'a	much'aykuman	N;PSS1PE;DAT;SG
asuykuy	asuykuychik	V;IMP;NEG;2;PL
rumi	rumikunapi	N;ESS;PL
kuska	kuskanchikta	N;PSS1PI;ACC;SG
achkachay	achkachachik	V;IMP;NEG;2;PL
suyu	suyuykichikman	ADJ;PSS2P;DAT;SG
paqtay	paqtarqaniku	V;PST;FH;1+INCL;PL
mink'a	mink'akunapaq	N;BEN;PL
wawqi	wawqinkupura	N;PSS3P;INTER;SG
chaski	chaskikama	N;GEN;SG
awsay	awsayniykichikkunapaq	N;PSS2P;BEN;PSS2P;PL
taripay	taripayniykichikkunakama	N;PSS2P;TERM;PL
suk'a	suk'aykunamanta	N;PSS1S;ABL;PL
atipa	atipaykikunalla	N;PSS2S;EXCLV;PL
urma	urmaykukunahina	N;PSS1PE;COMPV;PL
yupa	yupankama	N;PSS3S;TERM;SG
unquy	unquyninkunaran	N;PSS3S;CAUSV;PL
tanta	tantankunaq	N;PSS3P;PRIV;SG
kay	kayniywan	N;INS;SG
marq'a	marq'aykichikkunaman	N;PSS2P;DAT;PL
chinruykachiy	chinruykachichik	V;IMP;NEG;2;SG
qispiy	qispiyniykumanta	N;PSS1PE;ABL;SG
llalli	llallipi	N;ESS;SG
kallpa	kallpankuna	N;PSS3S;COMPV;SG
phuyuy	phuyuyninchikkunapura	N;PSS1PI;INTER;PL
yaya	yayayku	N;PSS1PE;NOM;SG
ruruy	rurunqaku	V;FUT;3;PL
muchuy	muchuyniyman	N;DAT;SG
yachachiq	yachachiqykukunawan	N;INS;PL
raki	rakiykuna	N;PSS1PE;DISTR;SG
hawiy	hawiyninchikkunapu	N;PSS1PI;GEN;PSS1PI;PL
akay	akachunchu	V;IMP;NEG;3;SG
quri	quriykichikrayku	N;PSS2P;CAUSV;SG
kututu	kututunkukunapura	N;PSS3P;INTER;PL
ch'arki	ch'arkiykukunantin	N;PSS1PE;COM;PL
sisa	sisaykikunaman	N;PSS2S;DAT;PL
illapachaw	illapachawywan	N;PSS1S;INS;SG
rupha rupha	rupha ruphaykita	N;PSS2S;ACC;SG
wamphu	wamphuykukunapi	N;PSS1PE;ESS;PL
qallu	qallunnaq	N;PSS3S;PRIV;SG
upalla	upallanchikkuna	N;PSS1PI;NOM;PL
chantay	chantanqa	V;PRS;1;SG
qata	qatankukunarayku	N;PSS3P;CAUSV;PL
llaki	llakiykichikkunata	ADJ;PSS2P;ACC;PL
tuta	tutankunawan	N;PSS3S;INS;PL
aycharay	aycharanqaku	V;FUT;2;PL
puqu	puqunka	ADJ;EXCLV;SG
suway	suwanqa	V.PTCP;FUT
wanu	wanukunanka	N;DISTR;PL
qata	qataykunan	N;PSS1S;DISTR;SG
allpaqa	allpaqaykichikpaq	N;PSS2P;BEN;PSS2P;SG
wayna	waynaykipi	N;PSS2S;ESS;SG
hich'ay	hich'asqa	V.PTCP;PST
phukuy	phukusqani	V;PST;NFH;1;SG
phuyuy	phuyurqan	V;PST;FH;3;SG
harawi	harawinchikpura	N;PSS1PI;INTER;SG
alqa	alqaykichikkunapaq	ADJ;PSS2P;BEADJ;PSS2P;PL
achanqaray	achanqarayninchikkunapaq	N;PSS1PI;BEN;PSS1PI;PL
pirqa	pirqaykipura	N;PSS2S;INTER;SG
qallu	qalluykikama	N;PSS2S;TERM;SG
sinchi	sinchiykunamanta	N;PSS1S;ABL;PL
llakiy	llakiyniykikunawan	N;PSS2S;INS;PL
umalli	umallikunaman	N;DAT;PL
urpi	urpinta	N;PSS3S;ACC;SG
ari	ariykichikpa	N;PSS2P;INS;SG
riqsiy	riqsiyniykukunaman	N;PSS1PE;DAT;PL
yunka	yunkanka	N;EXCLV;SG
yura	yurankupaq	N;PSS3P;CAUSV;SG
kicha	kichankukuna	N;PSS3P;NOM;PL
aysaysiy	aysaysisqanku	V;PST;NFH;3;PL
tiksiy	tiksichunchu	V;IMP;NEG;3;SG
k'uychi	k'uychinchikpa	N;PSS1PI;PRIV;SG
watya	watyaykikunaman	N;PSS2S;DAT;PL
punku	punkunpa	N;PSS3S;ESS;SG
suyay	suyayniykichikkunakama	N;PSS2P;TERM;PL
yupa	yupaykukunawan	N;INS;PL
wampu	wampunkunapura	N;PSS3S;INTER;PL
tusuy	tusuchik	V;IMP;NEG;2;SG
manchay	mancharqaniku	V;PST;FH;1+EXCL;PL
suruqch'i	suruqch'iykipaq	N;PSS2S;BEN;PSS2S;SG
muyuy	muyuyniykunarayku	N;PSS1S;CAUSV;PL
ama	amankukunapi	N;PSS3P;ESS;PL
wak'a	wak'aykuta	N;PSS1PE;ACC;SG
churay	churasqankichik	V;PST;NFH;2;PL
chala	chalaykunta	ADJ;PSS1S;ACC;SG
aylluchakuy	aylluchakuychik	V;IMP;POS;2;SG
pukllay	pukllarqanki	V;PST;FH;2;SG
kachi	kachikuna	N;NOM;PL
taski	taskinkukama	N;PSS3P;TERM;SG
amawt'a	amawt'ankupura	ADJ;PSS3P;INTER;SG
aymuray	aymuraynkuta	N;PSS3P;ACC;SG
q'iwi	q'iwinkunapaq	ADJ;PSS3S;PRIV;PL
ullanta	ullantaykikuna	N;PSS2S;NOM;PL
asiy	asiyniymanta	N;PSS1S;ABL;SG
rawray	rawraynchikmanta	N;PSS1PI;ABL;SG
tayta	taytaykupura	N;INTER;SG
tiksi	tiksiykuna	N;PSS1PE;DISTR;SG
willaq	willaqykunapa	N;PSS1S;GEN;PSS1S;PL
thanta	thantaykunakuna	ADJ;DISTR;PL
qara	qarankupa	N;PSS3P;GEN;PSS3P;SG
chapuy	chapusqankichik	V;PST;NFH;2;PL
taka	takankukunannaq	N;PSS3P;PRIV;PL
rak'iy	rak'iyninchikkunahina	N;PSS1PI;COMPV;PL
aqha	aqhaykichikkunapa	N;PSS2P;GEN;PSS2P;PL
mink'a	mink'aykukuna	N;PSS1PE;NOM;PL
siqsi	siqsiypi	N;PSS1S;ESS;SG
khipukamayuq	khipukamayuqnkupaq	N;PSS3P;BEN;PSS3P;SG
puchqay	puchqarqaniku	V;PST;FH;1+EXCL;PL
tupay	tupayninhina	N;PSS3S;COMPV;SG
llamk'ana	llamk'ananinlla	N;PSS3S;EXCLV;SG
utqay	utqayninchikkunapa	N;PSS1PI;GEN;PSS1PI;PL
tamya	tamyaykikunanka	N;PSS2S;DISTR;PL
phuru	phurukunapi	N;ESS;PL
mikhuna	mikhunanin	N;PSS3S;NOM;SG
riqsiy	riqsiyniykikunakama	N;PSS2S;TERM;PL
llalli	llalliykichikpa	N;PSS2P;PRIV;SG
humint'a	humint'aykichikpura	N;PSS2P;INTER;SG
qawa	qawakunalla	N;EXCLV;PL
wanay	wanayninkunantin	N;PSS3S;COM;PL
yunka	yunkanchikpaq	N;PSS1PI;BEN;PSS1PI;SG
kunay	kunayniykurayku	N;PSS1S;CAUSV;SG
quwi	quwiykunapi	N;PSS1S;ESS;PL
qata	qataykama	N;PSS1S;TERM;SG
kuti	kutiykuta	ADJ;ACC;SG
alqa	alqaykuntin	ADJ;PSS1PE;COM;SG
hanaq	hanaqnkukuna	N;PSS3P;NOM;PL
raphi	raphinkukunaman	N;PSS3P;DAT;PL
taku	takukunantin	N;COM;PL
watukuy	watukuyniykunarayku	N;PSS1S;CAUSV;PL
lliphlliy	lliphlliyninkukunahina	N;PSS3P;COMPV;PL
alqa	alqanchikman	ADJ;PSS1PI;DAT;SG
qhincha	qhinchankunamanta	N;PSS3S;ABL;PL
atipachaw	atipachawninkunapi	N;PSS3S;ESS;PL
yapay	yapaychik	V;IMP;NEG;2;PL
rantiy	rantiyniykukunakama	N;PSS1PE;TERM;PL
pampa	pampankunaran	N;PSS3S;CAUSV;PL
layqa	layqankupa	N;PSS3P;EXCLV;SG
kusi	kusinkukama	ADJ;PSS3P;TERM;SG
patacha	patachaykuhina	N;PSS1S;COMPV;SG
harawiy	harawirqanki	V;PST;FH;2;SG
ikmayay	ikmayachunku	V;IMP;NEG;3;PL
liwru	liwruykiwan	N;PSS2S;INS;SG
quyllur	quyllurnpura	N;PSS3S;INTER;SG
p'uti	p'utiykichikrayku	N;PSS2P;CAUSV;SG
chiqa	chiqaykunanman	N;PSS1S;DAT;PL
simi	simiyki	N;PSS2S;NOM;SG
ñawi	ñawiykuwan	N;PSS1PE;INS;SG
quya	quyaykihina	N;COMPV;SG
huhllay	huhllanku	V;PRS;3;PL
allqucha	allquchaykuhina	N;COMPV;SG
amawt'a	amawt'aykupan	N;PSS1PE;PRIV;SG
riqsiy	riqsiyniykunarayku	N;PSS1S;CAUSV;PL
wampu	wampunkunapaq	N;PRIV;PL
simp'a	simp'aykikunakama	N;PSS2S;TERM;PL
p'api	p'apiykunaman	ADJ;PSS1S;DAT;PL
kutay	kutayniykipura	N;PSS2S;INTER;SG
amu	amunkukunanka	ADJ;PSS3P;DISTR;PL
pukyuy	pukyurqanki	V;PST;FH;2;SG
saksay	saksayniykikunata	N;PSS2S;ACC;PL
awankay	awankanqa	V.PTCP;FUT
phuyuy	phuyuyniykikunakama	N;PSS2S;TERM;PL
ch'uspa	ch'uspankukunannaq	N;PSS3P;PRIV;PL
t'itu	t'itukunaman	N;DAT;PL
chala	chalanchikkunahina	ADJ;PSS1PI;COMPV;PL
yaqulla	yaqullaykipaq	N;PSS2S;BEN;PSS2S;SG
pach'a	pach'ankukunantin	N;PSS3P;COM;PL
wanu	wanuykikunapaq	N;PSS2S;BEN;PSS2S;PL
ñawinchay	ñawinchanqaku	V;FUT;3;PL
llalli	llalliykuhina	N;PSS1S;COMPV;SG
rikch'ay	rikch'ayninta	N;ACC;SG
chuqi	chuqinkukunakama	N;PSS3P;TERM;PL
qilliy	qillirqan	V;PST;NFH;3;SG
riqsi	riqsiykichikkunaka	N;PSS2P;DISTR;PL
asuy	asurqan	V;PST;FH;3;SG
qispichiy	qispichiyniykuman	N;PSS1PE;DAT;SG
maqakuy	maqakuyniyku	V;PRS;2;PL
atipa	atipanka	N;DISTR;SG
qalla	qallanchikpura	N;PSS1PI;INTER;SG
ch'aska	ch'askaykura	N;CAUSV;SG
ayllu	ayllunkunka	N;PSS3P;DISTR;SG
raphi	raphinchikkunaman	ADJ;PSS1PI;DAT;PL
sat'iy	sat'iyninkupa	N;PSS3P;GEN;PSS3P;SG
allpa	allpayninka	N;PSS1S;DISTR;SG
bahay	bahayninku	V;PRS;1+INCL;PL
p'uyñu	p'uyñuykumanta	N;PSS1PE;ABL;SG
qusi	qusinchikpi	N;PSS1PI;ESS;SG
millay	millayniykichikkunata	N;PSS2P;ACC;PL
alqa	alqaykunanka	ADJ;PSS2S;PRIV;PL
marq'a	marq'aykuwan	N;PSS1PE;INS;SG
waska	waskaman	N;DAT;SG
challa	challaykipa	N;PSS2S;EXCLV;SG
wiksa	wiksankupa	N;PSS3P;EXCLV;SG
sinchiyay	sinchiyayninchikkunahina	N;PSS1PI;COMPV;PL
yaya	yayanpura	N;PSS3S;INTER;SG
kanka	kankankunka	N;PSS1PI;DISTR;PL
chincha	chinchanwan	N;PSS3S;INS;SG
lliklla	llikllaykichikkunapa	N;PSS2P;GEN;PSS2P;PL
taka	takaykukunapa	N;PSS1PE;GEN;PSS1PE;PL
taripay	taripayninkukunantin	N;COM;PL
q'iwi	q'iwiykichikkunarayku	ADJ;PSS2P;CAUSV;PL
para	paranchikkunapa	N;PSS1PI;GEN;PSS1PI;PL
chikchi	chikchinkuta	N;PSS3P;ACC;SG
sama	samankunantin	N;PSS1PI;COM;PL
pisqu	pisquykikunakama	N;PSS2S;TERM;PL
suk'a	suk'aywan	N;PSS1S;INS;SG
chantay	chantayniykupaq	N;PSS1PE;BEN;PSS1PE;SG
yanuy	yanusqaniku	V;PST;NFH;1+EXCL;PL
hat'ansillay	hat'ansillanku	V;PRS;1+EXCL;PL
taki	takinta	N;PSS3S;ACC;SG
achhiy	achhiychik	V;IMP;POS;2;PL
rikuriy	rikuriyniynintin	N;PSS1S;COM;SG
karru	karrunkumanta	N;PSS3P;ABL;SG
lluqsiy	lluqsiychik	V;IMP;POS;2;SG
sapa	sapanchikkunahina	ADJ;PSS1PI;COMPV;PL
qhincha	qhinchaykikunapa	N;PSS2S;GEN;PSS2S;PL
tika	tikaykukunantin	N;PSS1PE;COM;PL
punku	punkunka	N;EXCLV;SG
urqu	urquykichikkunalla	N;PSS2P;EXCLV;PL
kinwa	kinwayninnaq	N;PSS1S;PRIV;SG
milla	millaykichikkunata	N;PSS2P;ACC;PL
qara	qaraykikunaman	N;PSS2S;DAT;PL
chiriyachiy	chiriyachinqaku	V;FUT;1+INCL;PL
ima	imakunanka	N;DISTR;PL
mama	mamanchikkunamanta	N;PSS1PI;ABL;PL
tampu	tampuyku	N;PSS1PE;NOM;SG
sayk'uy	sayk'uyniykichiknka	N;PSS2P;DISTR;SG
sinq'a	sinq'anchikkunapura	N;PSS1PI;INTER;PL
atiy	atiyninkunapa	N;PSS3S;GEN;PSS3S;PL
sinq'a	sinq'anchikpura	N;PSS1PI;INTER;SG
t'aqa	t'aqankunawa	N;PSS3P;INS;SG
waqay	waqaynchikta	N;PSS1PI;ACC;SG
atillcha	atillchanchik	N;PSS1PI;NOM;SG
aklla	akllaykukunantin	N;PSS1PE;COM;PL
iskaychay	iskaycharqan	V;PST;FH;3;SG
ama	amaykuta	N;PSS1PE;ACC;SG
ch'achuy	ch'achunqaku	V;FUT;1+INCL;PL
panta	pantaykuman	ADJ;PSS1PE;DAT;SG
suyru	suyruykichikkunapura	N;PSS2P;INTER;PL
atipanakuy	atipanakuchunchu	V;IMP;NEG;3;SG
wañu	wañuykurayku	N;PSS1S;CAUSV;SG
riqsi	riqsinchikpa	N;PSS1PI;CAUSV;SG
llamkhay	llamkhasqanki	V;PST;NFH;1+INCL;PL
uruya	uruyankunawan	N;PSS3S;INS;PL
puchka	puchkankunaman	N;PSS3S;DAT;PL
purun	purunmanta	N;PSS1S;ABL;SG
suyu	suyuykunaman	ADJ;PSS1S;DAT;PL
k'uychi	k'uychinchikkunata	N;PSS1PI;ACC;PL
purun	purunnchikkuna	N;PSS1PI;NOM;PL
yunka	yunkankukunapaq	N;PSS3P;BEN;PSS3P;PL
kawsay	kawsayninnaq	N;PSS3S;PRIV;SG
sayk'uy	sayk'uyniykikunawan	N;PSS2S;INS;PL
llaqway	llaqwarqani	V;PST;FH;1;SG
taka	takankuna	N;PSS3S;COMPV;SG
sisa	sisankuna	N;PSS3S;NOM;PL
manqu	manquykichikmanta	N;PSS2P;ABL;SG
t'aqsay	t'aqsaychik	V;IMP;POS;2;PL
qhincha	qhinchaykinaq	N;PSS2S;PRIV;SG
suyay	suyayniykunanka	N;PSS1S;DISTR;PL
khuchi	khuchiykikunapi	N;PSS2S;ESS;PL
kutiy	kutirqanku	V;PST;FH;3;PL
para	parannaq	N;PSS3S;PRIV;SG
rak'i	rak'inkukunapaq	N;PSS3P;PRIV;PL
taku	takunkuna	ADJ;PSS3S;COMPV;SG
phuyuy	phuyuyniykipura	N;PSS2S;INTER;SG
quri	qurinkukunawan	N;PSS3P;INS;PL
grasya	grasyankunapi	N;PSS3S;ESS;PL
qata	qatankukunannaq	N;PSS3P;PRIV;PL
t'itu	t'ituykukunantin	ADJ;PSS1PE;COM;PL
ikma	ikmaykichikkunakama	N;PSS2P;TERM;PL
hunk'a	hunk'aykinka	N;PSS2S;DISTR;SG
tupuy	tupuyninhina	N;PSS3S;COMPV;SG
ch'ipchiy	ch'ipchisqaniku	V;PST;NFH;1+EXCL;PL
tupay	tupayninkunata	N;PSS3S;ACC;PL
hayt'a	hayt'anpura	N;PSS3S;INTER;SG
llama	llamanchikpa	N;PSS1PI;INS;SG
ichiy	ichisqa	V.PTCP;PST
wichay	wichayninkunapa	N;PSS3S;GEN;PSS3S;PL
llaqwaq	llaqwaqnkukunapi	N;PSS3P;ESS;PL
turi	turiykiwan	N;PSS2S;INS;SG
manqu	manqupi	N;ESS;SG
p'aki	p'akiykichikka	N;PSS2P;DISTR;SG
mit'a	mit'anku	N;PSS3P;NOM;SG
palla	pallaykukunahina	N;PSS1PE;COMPV;PL
t'anta	t'antankukunakama	N;PSS3P;TERM;PL
ataw	atawniykuhina	ADJ;COMPV;SG
ashiy	ashichunku	V;IMP;POS;3;PL
pirqay	pirqachunku	V;IMP;POS;3;PL
hucha	huchaykuntin	N;COM;SG
paway	pawachunku	V;IMP;NEG;3;PL
ayqiy	ayqisqank	V;PRS;2;SG
hina	hinaykuta	ADJ;ACC;SG
ama	amaykinawa	N;PSS2S;INS;SG
sipiy	sipirqan	V;PST;NFH;3;SG
p'aki	p'akikunanka	ADJ;DISTR;PL
hamanq'ay	hamanq'ayniykihina	N;PSS2S;COMPV;SG
atipachikuy	atipachikusqankichik	V;PST;NFH;2;PL
watukuy	watukuyniyniykichinka	N;PSS2P;PRIV;SG
kanay	kanayniykintin	N;PSS2S;COM;SG
runa	runaninlla	N;PSS3S;EXCLV;SG
illapachaw	illapachawnkunata	N;PSS3S;ACC;PL
yaqulla	yaqullankukunanka	N;PSS3P;DISTR;PL
rupha	ruphaykichiknintin	ADJ;PSS2P;COM;SG
ñit'iy	ñit'irqaniku	V;PST;FH;1+EXCL;PL
raqacha	raqachaykichikpa	N;PSS2P;GEN;PSS2P;SG
rutuy	rutusqa	V.PTCP;PST
uhu	uhuykichikkunawan	N;PSS2P;INS;PL
phuyu	phuyuykinka	N;PSS2S;DISTR;SG
ruphay	ruphayniykunata	N;PSS1S;ACC;PL
qullpa	qullpaykunata	ADJ;PSS1S;ACC;PL
parlay	parlayniykukunakama	N;PSS1PE;TERM;PL
ch'akiy	ch'akirqan	V;PST;FH;3;SG
qhincha	qhinchaykuhina	N;PSS1PE;COMPV;SG
yachay	yachayniykichikkunapura	N;PSS2P;INTER;PL
chiqa	chiqaykukunata	N;PSS1PE;ACC;PL
aysay	aysayninkumanta	N;PSS3P;ABL;SG
rak'iy	rak'iyniykichikpa	N;PSS2P;INS;SG
raymi	rayminchikpa	N;PSS1PI;GEN;PSS1PI;SG
phuru	phuruykipa	N;PSS2S;GEN;PSS2S;SG
milla	millayku	N;PSS1PE;NOM;SG
ruk'u	ruk'uykuntin	N;PSS1S;COM;SG
kanka	kankanmanta	N;PSS3S;ABL;SG
paqtay	paqtayniykukunapaq	N;BEN;PL
turi	turinkunata	N;PSS3S;ACC;PL
p'aki	p'akiykinka	ADJ;PSS2S;DISTR;SG
atipa	atipanchikkunarayku	N;PSS1PI;CAUSV;PL
illapa	illapaykipura	N;PSS2S;INTER;SG
tanta	tantaykupaq	N;PSS1PE;BEN;PSS1PE;SG
ayñiy	ayñichik	V;IMP;NEG;2;PL
q'ipi	q'ipimanta	N;ABL;SG
chanqaykukuy	chanqaykukuchik	V;IMP;NEG;2;SG
ruru	rurunkunantin	N;PSS1PI;COM;PL
p'uti	p'utiyki	ADJ;PSS1S;NOM;SG
waska	waskanchikkunaman	N;PSS1PI;DAT;PL
llanthu	llanthunkukunapura	N;PSS3P;INTER;PL
kuraka	kurakankunka	N;PSS3P;DISTR;SG
sapa	sapaykuna	ADJ;PSS1S;EXCLV;SG
pukara	pukarankunantin	N;PSS3S;COM;PL
hayt'a	hayt'anchikta	N;PSS1PI;ACC;SG
tupa	tupaykikunarayku	N;PSS2S;CAUSV;PL
chamqay	chamqanqaku	V;PRS;1+EXCL;PL
saphi	saphinkunka	N;PSS3P;DISTR;SG
ruphay	ruphayniykupura	N;INTER;SG
asiy	asiyniyni	N;PSS1S;NOM;SG
kanay	kanayninkukunapaq	N;PSS3P;GEN;PSS3P;PL
kallpay	kallpayniykikunapaq	N;PSS2S;BEN;PSS2S;PL
wak'a	wak'amanta	ADJ;ABL;SG
illapa	illapaywan	N;PSS1S;INS;SG
may	marqanki	V;PST;NFH;2;SG
muyu	muyuykipa	ADJ;PSS2S;GEADJ;PSS2S;SG
llaki	llakiykichik	ADJ;PSS2P;NOM;SG
pach'a	pach'amanta	N;ABL;SG
ch'achuy	ch'achusqaniku	V;PST;NFH;1+EXCL;PL
qawa	qawaykikunahina	N;PSS2S;COMPV;PL
ñukñu	ñukñuykuta	N;PSS1PE;ACC;SG
simp'a	simp'aykuna	N;PSS1PE;DISTR;SG
ch'antay	ch'antarqankichik	V;PST;FH;2;PL
qullpa	qullpaykupa	ADJ;PSS1PE;EXCLV;SG
sukha	sukhayki	N;PSS2S;NOM;SG
ñiy	ñirqan	V;PST;NFH;3;SG
wach'iy	wach'iyninkunaman	N;PSS3S;TERM;PL
huqari	huqarinchikkunanta	N;PSS1PI;PRIV;PL
suyakuy	suyakuyninman	N;PSS3S;DAT;SG
qhapaq	qhapaqnkunankaq	ADJ;PSS2S;PRIV;PL
harawi	harawinkunka	N;PSS3P;DISTR;SG
malli	malliykichikkunaman	N;PSS2P;DAT;PL
pallay	pallayninchikkunakama	N;PSS1PI;TERM;PL
waki	wakiykama	ADJ;PSS1S;TERM;SG
tiyamuy	tiyamusqankichik	V;PST;NFH;2;PL
kunti	kuntiykama	ADJ;PSS1S;TERM;SG
yañay	yañayninchikkunantin	N;PSS1PI;COM;PL
quwi	quwinkupa	N;PSS3P;EXCLV;SG
panta	pantaykichikkunamanta	ADJ;PSS2P;ABL;PL
hanaq	hanaqnkukunakuna	N;PSS1PE;DISTR;PL
yupa	yupaykukunalla	N;PSS1PE;EXCLV;PL
wayna	waynayninka	N;PSS1S;DISTR;SG
tupay	tupayninkukunapaq	N;PSS3P;GEN;PSS3P;PL
pisqu	pisqukunapura	N;PSS1PE;INTER;PL
p'aki	p'akinmanta	ADJ;PSS3S;ABL;SG
